3862792124 -13.6561327 -40.2114381
3862792125 -13.6565975 -40.2177790
3862792126 -13.6557296 -40.2171004
3862792127 -13.6516792 -40.2151022
3862792128 -13.6564324 -40.2186261
3862792129 -13.6562243 -40.2197553
3862792130 -13.6551849 -40.2147642
3862792131 -13.6573789 -40.2193718
3862792132 -13.6574545 -40.2188406
3862792133 -13.6557655 -40.2159224
3862792134 -13.6574993 -40.2125005
3862792135 -13.6547555 -40.2159518
3862792136 -13.6556672 -40.2175901
3862792137 -13.6566908 -40.2108959
3862792138 -13.6553360 -40.2204746
3862792139 -13.6557478 -40.2139676
3862792140 -13.6553647 -40.2116717
3862792141 -13.6499068 -40.2164326
3862792142 -13.6547496 -40.2082304
3862792143 -13.6571417 -40.2220620
3862792144 -13.6557661 -40.2165399
3862792145 -13.6590188 -40.2156816
3862792146 -13.6563131 -40.2086803
3862792147 -13.6585809 -40.2142895
3862792148 -13.6540778 -40.2156390
3862792149 -13.6593232 -40.2160351
3862792150 -13.6553432 -40.2088655
3862792151 -13.6574883 -40.2185134
3862792152 -13.6553751 -40.2207134
3862792153 -13.6547907 -40.2127628
3862792154 -13.6552182 -40.2130095
3862792155 -13.6570609 -40.2217991
3862792156 -13.6549315 -40.2166015
3862798557 -13.6552974 -40.2081294
3862798559 -13.6563272 -40.2191971
3862798561 -13.6552834 -40.2088615
3862798562 -13.6588676 -40.2146596
3862798563 -13.6563338 -40.2157240
3862798564 -13.6549841 -40.2143190
3862798566 -13.6561570 -40.2080292
3862798568 -13.6555489 -40.2128313
3862798570 -13.6572486 -40.2199538
3862798571 -13.6569546 -40.2214751
3862798572 -13.6554710 -40.2199699
3862798573 -13.6580910 -40.2136726
3862798574 -13.6582990 -40.2139242
3862798575 -13.6558468 -40.2107141
3862798577 -13.6545384 -40.2162154
3862798578 -13.6555603 -40.2172029
3862798579 -13.6550624 -40.2167223
3862798580 -13.6553282 -40.2206383
3862798581 -13.6574133 -40.2137289
3862798582 -13.6565865 -40.2153619
3862798583 -13.6544082 -40.2154267
3862798584 -13.6555108 -40.2169400
3862798585 -13.6491353 -40.2174196
3862798586 -13.6552917 -40.2189110
3862798587 -13.6537148 -40.2149547
3862798588 -13.6534510 -40.2133233
3862798589 -13.6554350 -40.2203271
3862798590 -13.6553151 -40.2092898
3862798591 -13.6561538 -40.2097640
3862798592 -13.6570901 -40.2224488
3862798593 -13.6569254 -40.2128995
3928855904 -13.6560759 -40.2135539
3928855905 -13.6567067 -40.2144477
3928855906 -13.6563131 -40.2113490
3928855907 -13.6565028 -40.2182522
3928855908 -13.6552184 -40.2167940
3928855909 -13.6574989 -40.2146589
3928855910 -13.6554129 -40.2152488
3928855911 -13.6565894 -40.2139535
3928855912 -13.6543924 -40.2145792
3928855913 -13.6546950 -40.2152196
3928855914 -13.6561802 -40.2204498
3928855915 -13.6557355 -40.2142013
3928855916 -13.6557110 -40.2176308
3928855917 -13.6565294 -40.2096432
3928855918 -13.6568865 -40.2107322
3928855919 -13.6560759 -40.2108673
3928855920 -13.6554117 -40.2141078
3928855921 -13.6558051 -40.2106692
3928855922 -13.6574052 -40.2144980
3928855923 -13.6540924 -40.2147289
3928855924 -13.6566493 -40.2210077
3928855925 -13.6559429 -40.2106168
3928855926 -13.6561202 -40.2115191
3928855927 -13.6566023 -40.2202808
3928855928 -13.6569048 -40.2145758
3928855929 -13.6573504 -40.2138896
3928855930 -13.6561802 -40.2201977
3928855931 -13.6559612 -40.2126258
3928855932 -13.6548796 -40.2110680
3928855933 -13.6549343 -40.2161341
3928855934 -13.6563027 -40.2182048
3928855935 -13.6568453 -40.2129436
3928855936 -13.6551675 -40.2163879
3928855937 -13.6560473 -40.2197400
3928855938 -13.6564122 -40.2208720
3928855939 -13.6570796 -40.2208983
3928855940 -13.6563314 -40.2134144
3928855941 -13.6558231 -40.2144961
3928855942 -13.6565163 -40.2123173
3928855943 -13.6562398 -40.2111865
3928855944 -13.6567357 -40.2139409
3928855945 -13.6560671 -40.2153176
3928855946 -13.6556245 -40.2140023
3928855947 -13.6562245 -40.2108641
3928855950 -13.6554660 -40.2206456
3928855951 -13.6551819 -40.2133044
3928855952 -13.6558129 -40.2081275
3928855953 -13.6555826 -40.2155959
3928855954 -13.6570742 -40.2145811
3928855955 -13.6558543 -40.2106501
4098635685 -13.6477990 -40.1412510
4098635686 -13.6481453 -40.1411154
4098635687 -13.6484201 -40.1410128
4098635688 -13.6487494 -40.1408481
4098635789 -13.6490750 -40.1406603
4098635791 -13.6494778 -40.1404008
4098635792 -13.6502475 -40.1398488
4098635794 -13.6512525 -40.1391090
4098635795 -13.6520034 -40.1385609
4098635796 -13.6525982 -40.1381542
4098635797 -13.6529275 -40.1378908
4098635798 -13.6531383 -40.1376952
4098635799 -13.6532983 -40.1375034
4098635800 -13.6534187 -40.1373311
4098635801 -13.6535297 -40.1371025
4098635802 -13.6536201 -40.1368721
4098635803 -13.6536991 -40.1366125
4098635804 -13.6537556 -40.1363511
4098635805 -13.6539720 -40.1352472
4098635806 -13.6540511 -40.1348095
4098635807 -13.6541978 -40.1341181
4098635808 -13.6542938 -40.1337520
4098635809 -13.6544444 -40.1334344
4098635811 -13.6546307 -40.1331265
4098635812 -13.6551915 -40.1323886
4098635813 -13.6556244 -40.1318579
4098635814 -13.6560045 -40.1314512
4098635815 -13.6563922 -40.1310522
4098635816 -13.6566802 -40.1307424
4098635817 -13.6568684 -40.1304809
4098635818 -13.6571593 -40.1299236
4571454230 -13.6573400 -40.2122170
4571454231 -13.6557530 -40.2112550
4571454232 -13.6567930 -40.2123708
4571454233 -13.6567441 -40.2125521
4686070651 -13.6552762 -40.2078594
4686070652 -13.6551406 -40.2072694
4686070653 -13.6550547 -40.2069046
4686070654 -13.6549556 -40.2062581
4686070655 -13.6549087 -40.2057351
4686070656 -13.6549191 -40.2054535
4686070657 -13.6549061 -40.2046407
4686070658 -13.6548800 -40.2043967
4686070659 -13.6548279 -40.2040909
4686070660 -13.6546324 -40.2034016
4686070661 -13.6543796 -40.2024923
4686070662 -13.6541893 -40.2018379
4686070663 -13.6540069 -40.2014409
4686070664 -13.6538374 -40.2011298
4686070665 -13.6536289 -40.2008159
4686070666 -13.6534100 -40.2005343
4686070667 -13.6528731 -40.1999684
4686070668 -13.6525759 -40.1996814
4686070669 -13.6523596 -40.1993970
4686070670 -13.6522084 -40.1990698
4686070671 -13.6520442 -40.1985173
4686070672 -13.6519113 -40.1980157
4686070673 -13.6518227 -40.1976241
4686070674 -13.6518227 -40.1973103
4686070675 -13.6518878 -40.1969616
4686070676 -13.6519791 -40.1965217
4686070677 -13.6520286 -40.1962455
4686070678 -13.6520520 -40.1959746
4686070679 -13.6520416 -40.1956983
4686070680 -13.6519530 -40.1954006
4686070681 -13.6516611 -40.1945771
4686070682 -13.6512988 -40.1936142
4686070683 -13.6510851 -40.1930134
4686070684 -13.6508322 -40.1920612
4686070685 -13.6504856 -40.1907308
4686070686 -13.6501520 -40.1894353
4686070687 -13.6498705 -40.1883249
4686070688 -13.6496281 -40.1873217
4686070689 -13.6494378 -40.1866056
4686070690 -13.6493570 -40.1862489
4686070691 -13.6493101 -40.1859511
4686070692 -13.6492814 -40.1855166
4686070693 -13.6492866 -40.1850982
4686070694 -13.6493648 -40.1844169
4686070695 -13.6495186 -40.1833413
4686070696 -13.6496281 -40.1826976
4686070697 -13.6496593 -40.1824509
4686070698 -13.6496802 -40.1822336
4686070699 -13.6496776 -40.1819949
4686070700 -13.6496437 -40.1817213
4686070701 -13.6495108 -40.1811688
4686070702 -13.6494743 -40.1809783
4686070703 -13.6494638 -40.1808147
4686070704 -13.6494717 -40.1806672
4686070705 -13.6495264 -40.1804580
4686070706 -13.6496619 -40.1800610
4686070707 -13.6498001 -40.1796989
4686070708 -13.6498522 -40.1794602
4686070709 -13.6498913 -40.1790713
4686070710 -13.6499434 -40.1784892
4686070711 -13.6499904 -40.1779394
4686070712 -13.6500190 -40.1775075
4686070713 -13.6500503 -40.1770247
4686070714 -13.6500607 -40.1766358
4686070715 -13.6500347 -40.1762576
4686070716 -13.6499956 -40.1759948
4686070717 -13.6499408 -40.1757024
4686070718 -13.6496750 -40.1746349
4686070719 -13.6495238 -40.1740394
4686070720 -13.6493752 -40.1734681
4686070721 -13.6493101 -40.1730819
4686070722 -13.6492814 -40.1727037
4686070723 -13.6493088 -40.1722866
4686070724 -13.6493661 -40.1717971
4686070725 -13.6495329 -40.1710072
4686070726 -13.6496815 -40.1701878
4686070727 -13.6498626 -40.1693255
4686070728 -13.6499291 -40.1688702
4686070729 -13.6499747 -40.1685335
4686070730 -13.6499969 -40.1679220
4686070731 -13.6499930 -40.1673574
4686070732 -13.6499369 -40.1668437
4686070733 -13.6499056 -40.1665098
4686070734 -13.6498314 -40.1662738
4686070735 -13.6497453 -40.1660880
4686070736 -13.6495811 -40.1658547
4686070737 -13.6494560 -40.1656723
4686070738 -13.6493987 -40.1655087
4686070739 -13.6493335 -40.1652726
4686070740 -13.6493231 -40.1650661
4686070741 -13.6493700 -40.1643768
4686070742 -13.6493935 -40.1639503
4686070743 -13.6493830 -40.1636177
4686070744 -13.6493049 -40.1633683
4686070745 -13.6491850 -40.1631242
4686070746 -13.6490520 -40.1629284
4686070747 -13.6486402 -40.1625046
4686070748 -13.6482544 -40.1621050
4686070749 -13.6480511 -40.1618823
4686070750 -13.6478791 -40.1616436
4686070751 -13.6477879 -40.1614398
4686070752 -13.6477201 -40.1611850
4686070753 -13.6477175 -40.1609972
4686070754 -13.6477670 -40.1602650
4686070755 -13.6478374 -40.1593503
4686070756 -13.6479000 -40.1587763
4686070757 -13.6479521 -40.1583525
4686070758 -13.6479521 -40.1580092
4686070759 -13.6479208 -40.1577222
4686070760 -13.6478426 -40.1574299
4686070761 -13.6476341 -40.1569095
4686070762 -13.6473943 -40.1563650
4686070763 -13.6473109 -40.1560727
4686070764 -13.6472822 -40.1558581
4686070765 -13.6472848 -40.1556086
4686070766 -13.6473500 -40.1550883
4686070767 -13.6474725 -40.1539001
4686070768 -13.6475585 -40.1530659
4686070769 -13.6475820 -40.1525161
4686070770 -13.6475846 -40.1508638
4686070771 -13.6475820 -40.1499358
4686070772 -13.6476002 -40.1485410
4686070773 -13.6476106 -40.1473769
4686070774 -13.6476159 -40.1464650
4686070775 -13.6476263 -40.1461431
4686070776 -13.6475924 -40.1458535
4686070777 -13.6475116 -40.1455557
4686070778 -13.6473761 -40.1452017
4686070779 -13.6468339 -40.1440859
4686070780 -13.6464429 -40.1433107
4686070781 -13.6463439 -40.1430881
4686070782 -13.6462813 -40.1428789
4686070783 -13.6462318 -40.1426697
4686070784 -13.6462318 -40.1424578
4686070785 -13.6462970 -40.1422325
4686070786 -13.6463726 -40.1420662
4686070787 -13.6464977 -40.1419106
4686070788 -13.6466150 -40.1417819
4686070789 -13.6468131 -40.1416531
4686070790 -13.6471180 -40.1415056
4686070791 -13.6560411 -40.2094292
6340971670 -13.6575919 -40.2173364
6340971671 -13.6579038 -40.2176275
6340971672 -13.6572567 -40.2170234
6340971673 -13.6583061 -40.2165081
6340971674 -13.6586314 -40.2168112
6340971675 -13.6579752 -40.2161997
6340971676 -13.6581249 -40.2185950
6340971677 -13.6581927 -40.2186352
6340971678 -13.6581719 -40.2189946
6340971679 -13.6568423 -40.2174984
6340971680 -13.6571781 -40.2178162
6340971681 -13.6574551 -40.2181309
6340971682 -13.6571450 -40.2178547
6340971683 -13.6537790 -40.2183092
6340971684 -13.6542258 -40.2182731
6340972485 -13.6541645 -40.2177874
6340972486 -13.6545815 -40.2172768
6340972487 -13.6537023 -40.2173463
6340972488 -13.6545451 -40.2168181
6340972489 -13.6546194 -40.2177528
6340972490 -13.6537400 -40.2178197
6340972491 -13.6541242 -40.2187291
6340972492 -13.6538150 -40.2187605
6340972493 -13.6549947 -40.2167657
6340972494 -13.6536680 -40.2169159
6340972495 -13.6538374 -40.2190429
6340972496 -13.6539645 -40.2139693
6340972497 -13.6541111 -40.2143812
6340972498 -13.6543707 -40.2138256
6340972499 -13.6545099 -40.2141827
6340972500 -13.6545646 -40.2130240
6340972501 -13.6549269 -40.2139869
6340972502 -13.6548096 -40.2136704
6340972503 -13.6535560 -40.2141050
6340972504 -13.6537254 -40.2146146
6340972505 -13.6537097 -40.2140594
6340972506 -13.6534882 -40.2133861
6340972507 -13.6580795 -40.2046173
6340972508 -13.6576186 -40.2046395
6340972509 -13.6576335 -40.2049225
6340972510 -13.6575803 -40.2039121
6340972511 -13.6576845 -40.2058893
6340972512 -13.6577320 -40.2059273
6340972513 -13.6571785 -40.2049476
6340972514 -13.6580921 -40.2048973
6340972515 -13.6567323 -40.2049722
6340972516 -13.6567477 -40.2052487
6340972517 -13.6571941 -40.2052266
6340972518 -13.6562687 -40.2052725
6340972519 -13.6571217 -40.2039327
6340972520 -13.6572570 -40.2063507
6340972521 -13.6572958 -40.2063956
6340972522 -13.6566914 -40.2032581
6340972523 -13.6568192 -40.2034324
6340972524 -13.6568426 -40.2035236
6340972525 -13.6568426 -40.2036256
6340972526 -13.6567801 -40.2037436
6340972527 -13.6566419 -40.2039072
6340972528 -13.6564126 -40.2041861
6340972529 -13.6563057 -40.2043712
6340972530 -13.6562379 -40.2046394
6340972531 -13.6563445 -40.2068360
6340972532 -13.6566758 -40.2039528
6340972533 -13.6568087 -40.2033117
6340972534 -13.6567670 -40.2033386
6340972535 -13.6593604 -40.2038214
6340972536 -13.6593317 -40.2031884
6340972537 -13.6585341 -40.2032152
6340972538 -13.6584664 -40.2016541
6340972539 -13.6584116 -40.2016595
6340972540 -13.6565950 -40.2031884
6340972541 -13.6560164 -40.2038455
6340972542 -13.6557141 -40.2043444
6340972543 -13.6555916 -40.2046797
6340972544 -13.6555707 -40.2048996
6340972545 -13.6580468 -40.2038911
6340972546 -13.6581197 -40.2055112
6340972547 -13.6569104 -40.2068093
6340972548 -13.6568348 -40.2068201
6340972549 -13.6556802 -40.2068576
6340972550 -13.6541320 -40.2071044
6340972551 -13.6585863 -40.2003452
6340972552 -13.6578044 -40.2010345
6340972553 -13.6577001 -40.2010989
6340972554 -13.6575255 -40.2012062
6340972555 -13.6557584 -40.2027860
6340972556 -13.6556202 -40.2029550
6340972557 -13.6555290 -40.2031186
6340972558 -13.6550859 -40.2042505
6340972559 -13.6549686 -40.2046287
6340972560 -13.6562379 -40.2072331
6340972561 -13.6560451 -40.2072868
6340972562 -13.6558548 -40.2073002
6340972563 -13.6556567 -40.2072895
6340972564 -13.6554534 -40.2072573
6340972565 -13.6552840 -40.2072278
6340972566 -13.6563604 -40.2072090
6340972567 -13.6563683 -40.2072760
6340972568 -13.6580963 -40.2100146
6340972569 -13.6568524 -40.2112247
6340972570 -13.6569990 -40.2111653
6340972571 -13.6570459 -40.2112752
6340972572 -13.6569081 -40.2113381
6340972573 -13.6569924 -40.2107396
6340972574 -13.6575237 -40.2104868
6340972575 -13.6579192 -40.2113670
6340972576 -13.6573879 -40.2116198
6340972577 -13.6580207 -40.2112430
6340972578 -13.6584951 -40.2108836
6340972579 -13.6588182 -40.2111974
6340972580 -13.6582683 -40.2115890
6340972581 -13.6572411 -40.2120157
6340972582 -13.6581228 -40.2122771
6340972583 -13.6581510 -40.2125680
6340972584 -13.6581732 -40.2126166
6340972585 -13.6584435 -40.2121622
6340972586 -13.6588623 -40.2127276
6340972587 -13.6592279 -40.2132028
6340972588 -13.6595100 -40.2135644
6340972589 -13.6585602 -40.2123293
6340972590 -13.6581015 -40.2116722
6340972591 -13.6595532 -40.2125707
6340972592 -13.6590424 -40.2129650
6340972593 -13.6597852 -40.2139172
6340972594 -13.6553648 -40.2092662
6340972595 -13.6555603 -40.2098107
6340972596 -13.6554977 -40.2098456
6340972597 -13.6558861 -40.2086896
6340972598 -13.6559747 -40.2087486
6340972599 -13.6556150 -40.2099475
6340972600 -13.6559223 -40.2088382
6340972601 -13.6558205 -40.2087876
6340972602 -13.6559740 -40.2091069
6340972603 -13.6552631 -40.2082416
6340972604 -13.6564126 -40.2079815
6340972605 -13.6553235 -40.2082447
6340972606 -13.6549079 -40.2093160
6340972607 -13.6545021 -40.2082846
6340972608 -13.6550286 -40.2099583
6340972609 -13.6579686 -40.2134371
6340972610 -13.6577184 -40.2129543
6340972611 -13.6563314 -40.2119882
6340972612 -13.6564175 -40.2119400
6340972613 -13.6566652 -40.2126006
6340972614 -13.6565855 -40.2122740
6340972615 -13.6562171 -40.2117848
6340972616 -13.6561858 -40.2115059
6340972617 -13.6570348 -40.2130856
6340972618 -13.6569364 -40.2131233
6340972619 -13.6568166 -40.2131206
6340972620 -13.6571554 -40.2139118
6340972621 -13.6571033 -40.2139306
6340972622 -13.6544890 -40.2127746
6340972623 -13.6540538 -40.2129355
6340972624 -13.6536654 -40.2130884
6340972625 -13.6556548 -40.2134763
6340972626 -13.6557297 -40.2134773
6340972627 -13.6558287 -40.2135068
6340972628 -13.6559095 -40.2135578
6340972629 -13.6559799 -40.2135712
6340972630 -13.6567067 -40.2145469
6340972631 -13.6579112 -40.2143115
6340972632 -13.6587192 -40.2153468
6340972633 -13.6584377 -40.2149981
6340972634 -13.6566810 -40.2151564
6340972635 -13.6566810 -40.2149525
6340972636 -13.6541631 -40.2157996
6340972637 -13.6541659 -40.2168623
6340972638 -13.6541659 -40.2167764
6340972639 -13.6548128 -40.2157399
6340972640 -13.6554274 -40.2168730
6340972641 -13.6556202 -40.2173933
6340972642 -13.6552553 -40.2190724
6340972643 -13.6552527 -40.2192494
6340972644 -13.6552892 -40.2193835
6340972645 -13.6553544 -40.2195364
6340972646 -13.6554013 -40.2196920
6340972647 -13.6554691 -40.2201641
6340972648 -13.6559095 -40.2179888
6340972649 -13.6559460 -40.2197966
6340972650 -13.6558496 -40.2200085
6340972651 -13.6557114 -40.2203223
